% ranbow color code
color(1,:) = [1 0 0];
color(2,:) = [0.87058824300766 0.490196079015732 0];
color(3,:) = [1 1 0];
color(4,:) = [0 0.498039215803146 0];
color(5,:) = [0 0 1];
color(6,:) = [0.0392156876623631 0.141176477074623 0.415686279535294];
color(7,:) = [0.47843137383461 0.062745101749897 0.894117653369904];


